Random:
    r2: 0.87139
    mse: 0.00306

kmeans:
    r2: 0.87451
    mse: 0.00298

Improved kmeans:
    r2: 0.88681
    mse: 0.00249